ARID1A	ATRX	CDKN2A	EP300	EXT2	FANCM	GRIN2A	HIST1H4E	KMT2D	NFE2L2	PTPRC	SETD2	SPEN	TP53	UBR5
0	0	0	0	0	0	0	0	0	0	0	0	0	0	0
0	0	0	0	0	0	0	0	0	0	0	0	0	0	0
0	0	0	0	0	0	0	1	0	0	0	0	0	0	1
0	0	0	0	0	0	0	1	0	0	0	0	0	0	1
0	0	0	0	0	0	0	1	0	0	0	0	0	0	1
0	0	0	0	0	0	0	1	0	0	0	0	0	0	1
0	0	0	0	0	0	0	1	0	0	0	0	0	0	1
0	0	0	0	0	0	0	0	0	0	0	1	1	0	0
0	0	0	0	0	0	0	1	0	0	0	0	0	0	1
0	0	0	0	0	0	0	1	0	0	0	0	0	0	1
0	0	0	0	0	0	0	1	0	0	0	0	0	0	1
0	0	0	0	0	0	0	0	0	0	0	0	0	0	0
0	0	0	0	0	0	0	0	0	0	0	0	0	0	0
0	0	0	0	0	0	0	1	0	0	0	0	0	0	1
0	0	0	0	0	0	0	0	0	0	0	0	0	0	0
