ACVR1B	ATRX	BCOR	BRCA1	CREBBP	FANCM	FAT1	GATA3	IKZF1	KDM5C	KEAP1	KMT2D	MTOR	NRXN1	PBRM1	POT1	RASA1	SERPINB13	TP53
0	0	0	0	0	0	0	0	0	0	0	1	0	0	1	1	0	0	0
0	0	0	0	0	0	0	0	0	0	0	0	0	0	0	0	0	0	0
0	0	0	0	0	0	0	0	0	0	0	0	0	0	0	0	0	0	0
0	0	0	0	0	0	0	0	0	0	0	1	0	0	1	1	0	0	0
0	0	0	0	0	0	0	0	0	0	0	1	0	0	1	1	0	0	0
0	0	0	0	0	0	0	0	0	0	0	1	0	0	1	1	0	0	0
0	0	0	0	0	0	0	0	0	0	0	1	0	0	1	1	0	0	0
0	0	0	0	0	0	0	0	0	0	0	1	0	0	1	1	0	0	0
0	0	0	0	0	0	0	0	0	0	0	1	0	0	1	1	0	0	0
0	0	0	0	0	0	0	0	0	0	0	0	0	0	0	0	0	0	0
0	0	0	0	0	0	0	0	0	0	0	1	0	0	1	1	0	0	0
0	0	0	0	0	0	0	0	0	0	0	0	0	0	0	0	0	0	0
0	0	0	0	0	0	0	0	0	0	0	1	0	0	1	1	0	0	0
0	0	0	0	0	0	0	0	0	0	0	1	0	0	1	1	0	0	0
0	0	0	0	0	0	0	0	0	0	0	0	0	0	0	0	0	0	0
0	0	0	0	0	0	0	0	0	0	0	0	0	0	0	0	0	0	0
0	0	0	0	0	0	0	0	0	0	0	1	0	0	1	1	0	0	0
0	0	0	0	0	0	0	0	0	0	0	1	0	0	1	1	0	0	0
0	0	0	0	0	0	0	0	0	0	0	1	0	0	1	1	0	0	0
